name,value_max,value_min,value_median,value_mean,value_pc95,value_pc05,value_pc75,value_pc25,value_st_dev,value_tot_range,value_pc90_range,value_int_quart_range,value_tot_per,value_pc90_range_per,value_int_quart_per,value_cooef_variation
Ngaruroro,985.6700043,641.7150105,792.6548038,808.3688399,931.1988772,711.5385713,854.424285,759.456765,72.18675336,343.9549938,219.6603059,94.96752003,0.425492643,0.271732772,0.117480431,0.089299278
Tukituki,992.2964236,232.422963,630.3402546,627.6806637,846.4611527,443.1862541,706.4369239,534.049945,130.0312795,759.8734606,403.2748987,172.3869789,1.210605177,0.642484183,0.274641213,0.207161519
Tutaekuri,168.285459,92.11402299,115.7372477,120.5693665,148.1859723,100.1319319,133.6331049,109.7684951,15.6476501,76.17143601,48.05404045,23.86460986,0.631764421,0.398559285,0.197932614,0.129781308
Karamu,1069.649533,529.8117817,723.617274,734.8343197,906.7719642,601.5237635,792.9027859,663.9076527,99.86632585,539.8377517,305.2482007,128.9951332,0.73463873,0.415397311,0.175543153,0.135903187
Tutaekuri.Waimate,1132.45706,265.115162,548.2948495,559.188875,799.4654456,360.146985,625.7416667,455.1378183,144.6460798,867.3418981,439.3184606,170.6038484,1.551071448,0.785635195,0.305091635,0.25867124
Irongate,509.9151065,99.38691088,171.0213275,182.6034669,292.3351213,108.9379516,209.8529528,150.0663359,59.06708823,410.5281956,183.3971697,59.7866169,2.248194969,1.004346592,0.327412277,0.323471888
Karewarewa,497.4066806,160.6108438,278.7292442,276.4320232,375.1735686,182.3085435,316.6784563,227.4003197,62.20419011,336.7958368,192.8650251,89.27813657,1.218367658,0.697694221,0.32296597,0.225025268
Mangateretere,381.2267836,34.65062269,70.16957639,79.59378958,122.9446856,41.79827778,92.53925058,54.40305903,46.37857109,346.5761609,81.14640787,38.13619155,4.354311595,1.019506777,0.479135266,0.582690827
Raupare,456.771956,116.3792593,219.1937153,223.5771781,297.2562471,145.2991892,249.9812645,193.0017853,49.79859387,340.3926968,151.9570579,56.97947917,1.522484091,0.679662652,0.254853736,0.222735586
allzones,3869.166869,3095.723372,3497.306434,3495.690418,3694.871514,3280.775904,3584.558311,3404.945168,129.2890318,773.4434976,414.0956098,179.6131433,0.221256291,0.118458891,0.051381307,0.036985264
,,,,,,,,,,,,,,,,
,,,,,,,,,,,,,,,,
,,,,,,,,,,,,,,,,
,,,,,,,,,,,,,,,,
,name,Ngaruroro,Tukituki,Tutaekuri,Karamu,Tutaekuri.Waimate,Irongate,Karewarewa,Mangateretere,Raupare,allzones,,,,,
,value_max,985.6700043,992.2964236,168.285459,1069.649533,1132.45706,509.9151065,497.4066806,381.2267836,456.771956,3869.166869,,,,,
,value_min,641.7150105,232.422963,92.11402299,529.8117817,265.115162,99.38691088,160.6108438,34.65062269,116.3792593,3095.723372,,,,,
,value_median,792.6548038,630.3402546,115.7372477,723.617274,548.2948495,171.0213275,278.7292442,70.16957639,219.1937153,3497.306434,,,,,
,value_mean,808.3688399,627.6806637,120.5693665,734.8343197,559.188875,182.6034669,276.4320232,79.59378958,223.5771781,3495.690418,,,,,
,value_pc95,931.1988772,846.4611527,148.1859723,906.7719642,799.4654456,292.3351213,375.1735686,122.9446856,297.2562471,3694.871514,,,,,
,value_pc05,711.5385713,443.1862541,100.1319319,601.5237635,360.146985,108.9379516,182.3085435,41.79827778,145.2991892,3280.775904,,,,,
,value_pc75,854.424285,706.4369239,133.6331049,792.9027859,625.7416667,209.8529528,316.6784563,92.53925058,249.9812645,3584.558311,,,,,
,value_pc25,759.456765,534.049945,109.7684951,663.9076527,455.1378183,150.0663359,227.4003197,54.40305903,193.0017853,3404.945168,,,,,
,value_st_dev,72.18675336,130.0312795,15.6476501,99.86632585,144.6460798,59.06708823,62.20419011,46.37857109,49.79859387,129.2890318,,,,,
,value_tot_range,343.9549938,759.8734606,76.17143601,539.8377517,867.3418981,410.5281956,336.7958368,346.5761609,340.3926968,773.4434976,,,,,
,value_pc90_range,219.6603059,403.2748987,48.05404045,305.2482007,439.3184606,183.3971697,192.8650251,81.14640787,151.9570579,414.0956098,,,,,
,value_int_quart_range,94.96752003,172.3869789,23.86460986,128.9951332,170.6038484,59.7866169,89.27813657,38.13619155,56.97947917,179.6131433,,,,,
,value_tot_per,0.425492643,1.210605177,0.631764421,0.73463873,1.551071448,2.248194969,1.218367658,4.354311595,1.522484091,0.221256291,,,,,
,value_pc90_range_per,0.271732772,0.642484183,0.398559285,0.415397311,0.785635195,1.004346592,0.697694221,1.019506777,0.679662652,0.118458891,,,,,
,value_int_quart_per,0.117480431,0.274641213,0.197932614,0.175543153,0.305091635,0.327412277,0.32296597,0.479135266,0.254853736,0.051381307,,,,,
,value_cooef_variation,0.089299278,0.207161519,0.129781308,0.135903187,0.25867124,0.323471888,0.225025268,0.582690827,0.222735586,0.036985264,,,,,
